B1367106	{'contigs_36_4': {'TIGR00531': [[1, 152]]}, 'contigs_35_8': {'TIGR00901': [[12, 359]]}, 'contigs_1_89': {'TIGR01139': [[7, 306]], 'TIGR01136': [[7, 306]]}, 'contigs_12_19': {'TIGR00614': [[9, 457]], 'PF00570.18': [[528, 594]], 'PF09382.5': [[406, 507]]}, 'contigs_13_47': {'TIGR00630': [[15, 933]]}, 'contigs_9_6': {'TIGR01055': [[6, 656]]}, 'contigs_1_13': {'TIGR01942': [[24, 447]], 'PF12626.2': [[317, 441]]}, 'contigs_2_110': {'TIGR01991': [[21, 619]]}, 'contigs_5_31': {'TIGR00121': [[90, 323]], 'PF03309.9': [[340, 527]], 'PF02237.12': [[278, 323]]}, 'contigs_6_30': {'TIGR00329': [[4, 325]], 'TIGR03723': [[3, 331]]}, 'contigs_13_50': {'TIGR00566': [[1, 185]]}, 'contigs_42_11': {'TIGR00234': [[4, 430]]}, 'contigs_1_124': {'TIGR00987': [[2, 95]]}, 'contigs_14_4': {'TIGR02224': [[13, 302]]}, 'contigs_5_69': {'TIGR00190': [[146, 605]], 'PF13667.1': [[30, 107]]}, 'contigs_17_21': {'TIGR00004': [[3, 126]]}, 'contigs_19_14': {'TIGR01123': [[27, 331]]}, 'contigs_5_88': {'TIGR00064': [[147, 416]]}, 'contigs_1_113': {'TIGR03596': [[3, 275]]}, 'contigs_2_128': {'TIGR00407': [[11, 409]]}, 'contigs_8_45': {'TIGR01196': [[7, 607]]}, 'contigs_21_27': {'TIGR01348': [[84, 520]]}, 'contigs_40_5': {'TIGR00966': [[38, 285]]}, 'contigs_1_155': {'TIGR00263': [[11, 395]]}, 'contigs_16_40': {'TIGR01051': [[5, 618]]}, 'contigs_1_153': {'TIGR00361': [[114, 710]]}, 'contigs_30_1': {'TIGR02419': [[3, 63]]}, 'contigs_15_14': {'TIGR01800': [[17, 382]]}, 'contigs_10_13': {'TIGR00014': [[4, 117]]}, 'contigs_7_35': {'TIGR00932': [[13, 285]]}, 'contigs_3_72': {'TIGR02190': [[165, 243]]}, 'contigs_30_20': {'TIGR00979': [[4, 459]]}, 'contigs_6_13': {'TIGR03570': [[201, 401]], 'PF02397.11': [[6, 184]]}, 'contigs_18_36': {'TIGR02010': [[1, 135]]}, 'contigs_24_7': {'TIGR00576': [[11, 149]]}, 'contigs_5_37': {'TIGR02352': [[4, 339]]}, 'contigs_23_11': {'TIGR03317': [[156, 221]]}, 'contigs_26_12': {'TIGR00858': [[17, 378]]}, 'contigs_23_3': {'TIGR00839': [[4, 463]]}, 'contigs_9_45': {'TIGR00782': [[38, 308]]}, 'contigs_1_59': {'TIGR00609': [[8, 1200]], 'PF12705.2': [[985, 1182]]}, 'contigs_14_11': {'TIGR02098': [[6, 38]]}, 'contigs_12_23': {'TIGR01738': [[33, 275]]}, 'contigs_2_111': {'TIGR03465': [[10, 277]]}, 'contigs_6_41': {'TIGR00643': [[24, 652]]}, 'contigs_19_27': {'TIGR01988': [[73, 461]]}, 'contigs_10_6': {'TIGR03718': [[10, 320]]}, 'contigs_21_25': {'TIGR00409': [[1, 564]]}, 'contigs_54_2': {'TIGR00392': [[15, 846]]}, 'contigs_3_66': {'TIGR01392': [[19, 370]]}, 'contigs_5_63': {'TIGR01203': [[21, 183]]}, 'contigs_48_5': {'TIGR00878': [[5, 333]]}, 'contigs_2_120': {'TIGR01490': [[4, 206]]}, 'contigs_1_4': {'TIGR03594': [[18, 445]]}, 'contigs_8_6': {'TIGR00170': [[3, 467]]}, 'contigs_28_20': {'TIGR00233': [[3, 332]]}, 'contigs_1_86': {'TIGR02227': [[98, 327]]}, 'contigs_5_44': {'TIGR03534': [[16, 264]]}, 'contigs_9_14': {'TIGR01455': [[6, 441]]}, 'contigs_19_42': {'TIGR00034': [[8, 346]]}, 'contigs_25_5': {'TIGR01410': [[2, 79]]}, 'contigs_17_33': {'TIGR00838': [[5, 455]]}, 'contigs_2_94': {'TIGR00110': [[18, 613]]}, 'contigs_1_99': {'TIGR02225': [[9, 291]]}, 'contigs_4_71': {'TIGR01510': [[8, 164]]}, 'contigs_26_7': {'TIGR01273': [[7, 628]]}, 'contigs_34_18': {'TIGR02211': [[5, 224]]}, 'contigs_18_37': {'TIGR03402': [[7, 386]], 'TIGR02006': [[3, 404]]}, 'contigs_7_49': {'TIGR03150': [[4, 411]]}, 'contigs_12_36': {'TIGR01972': [[7, 492]], 'PF01059.12': [[68, 125]]}, 'contigs_11_21': {'TIGR02350': [[3, 604]]}, 'contigs_22_6': {'TIGR00048': [[1, 351]]}, 'contigs_15_31': {'TIGR01085': [[24, 488]]}, 'contigs_6_26': {'TIGR03598': [[7, 191]]}, 'contigs_32_4': {'TIGR00273': [[24, 446]], 'PF11870.3': [[390, 480]]}, 'contigs_1_134': {'TIGR00418': [[72, 629]]}, 'contigs_11_35': {'TIGR01938': [[7, 251]]}, 'contigs_21_10': {'TIGR01292': [[6, 311]]}, 'contigs_7_56': {'TIGR01075': [[10, 733]]}, 'contigs_2_102': {'TIGR02433': [[361, 403]], 'TIGR02432': [[24, 203]], 'PF09179.6': [[248, 311]], 'PF11734.3': [[374, 416]]}, 'contigs_4_33': {'TIGR00051': [[6, 115]], 'PF13279.1': [[5, 119]]}, 'contigs_14_10': {'TIGR00336': [[11, 186]]}, 'contigs_47_7': {'TIGR00551': [[4, 502]]}, 'contigs_17_14': {'TIGR00041': [[3, 196]]}, 'contigs_8_4': {'TIGR00171': [[41, 236]]}, 'contigs_18_21': {'TIGR00552': [[4, 250]]}, 'contigs_14_51': {'TIGR01830': [[11, 245]]}, 'contigs_41_8': {'TIGR00586': [[9, 133]]}, 'contigs_42_4': {'TIGR02337': [[9, 137]], 'PF01047.17': [[34, 92]]}, 'contigs_1_163': {'TIGR01499': [[24, 423]]}, 'contigs_46_2': {'TIGR02420': [[20, 128]]}, 'contigs_7_10': {'TIGR03303': [[23, 792]]}, 'contigs_14_1': {'TIGR00713': [[5, 423]]}, 'contigs_23_9': {'TIGR00011': [[9, 155]]}, 'contigs_25_4': {'TIGR01411': [[3, 48]]}, 'contigs_6_35': {'TIGR00784': [[1, 434]]}, 'contigs_1_140': {'TIGR00546': [[64, 459]]}, 'contigs_3_46': {'TIGR01966': [[8, 239]]}, 'contigs_34_4': {'TIGR02665': [[17, 202]]}, 'contigs_2_78': {'TIGR00214': [[24, 195]]}, 'contigs_1_175': {'TIGR01951': [[5, 132]]}, 'contigs_22_9': {'TIGR02821': [[2, 272]]}, 'contigs_18_41': {'TIGR01997': [[2, 106]], 'TIGR02011': [[2, 106]]}, 'contigs_26_14': {'TIGR02072': [[15, 253]]}, 'contigs_2_107': {'TIGR02007': [[2, 112]]}, 'contigs_5_3': {'TIGR02075': [[7, 238]]}, 'contigs_34_13': {'TIGR01617': [[3, 112]]}, 'contigs_10_11': {'TIGR02673': [[1, 214]]}, 'contigs_24_20': {'TIGR02140': [[17, 271]]}, 'contigs_1_110': {'TIGR03197': [[131, 533]]}, 'contigs_16_6': {'TIGR01207': [[2, 286]]}, 'contigs_3_47': {'TIGR00656': [[1, 403]], 'TIGR00657': [[60, 402]]}, 'contigs_6_25': {'TIGR02074': [[67, 707]]}, 'contigs_35_20': {'TIGR03838': [[2, 269]]}, 'contigs_1_7': {'TIGR02274': [[4, 187]]}, 'contigs_1_166': {'TIGR01134': [[2, 471]]}, 'contigs_28_4': {'TIGR01780': [[24, 455]]}, 'contigs_6_64': {'TIGR01272': [[93, 398]]}, 'contigs_21_4': {'TIGR00473': [[25, 185]]}, 'contigs_6_29': {'TIGR03144': [[154, 393]]}, 'contigs_35_21': {'TIGR00742': [[23, 340]]}, 'contigs_37_14': {'TIGR01325': [[8, 387]]}, 'contigs_46_5': {'TIGR00044': [[5, 227]]}, 'contigs_43_7': {'TIGR00099': [[6, 255]]}, 'contigs_4_82': {'TIGR00938': [[1, 302]]}, 'contigs_22_5': {'TIGR02521': [[10, 241]], 'PF07719.12': [[72, 102]]}, 'contigs_34_17': {'TIGR02212': [[4, 415]]}, 'contigs_14_7': {'TIGR03725': [[9, 208]]}, 'contigs_16_28': {'TIGR00670': [[8, 302]]}, 'contigs_14_9': {'TIGR00758': [[102, 239]]}, 'contigs_10_37': {'TIGR00020': [[7, 365]]}, 'contigs_22_13': {'TIGR00988': [[1, 96]]}, 'contigs_40_4': {'TIGR01129': [[123, 587]], 'PF13721.1': [[1, 103]]}, 'contigs_1_2': {'TIGR00442': [[6, 415]]}, 'contigs_3_75': {'TIGR02968': [[9, 112]]}, 'contigs_32_11': {'TIGR01462': [[5, 155]]}, 'contigs_18_6': {'TIGR00050': [[71, 267]]}, 'contigs_28_19': {'TIGR03346': [[6, 858]]}, 'contigs_8_15': {'TIGR00260': [[86, 426]]}, 'contigs_1_20': {'TIGR02639': [[4, 739]]}, 'contigs_35_16': {'TIGR00393': [[45, 314]]}, 'contigs_6_16': {'TIGR00244': [[1, 145]]}, 'contigs_18_28': {'TIGR03246': [[2, 391]], 'TIGR00707': [[7, 388]]}, 'contigs_7_11': {'TIGR00054': [[1, 445]]}, 'contigs_19_31': {'TIGR00998': [[17, 343]]}, 'contigs_1_176': {'TIGR00856': [[4, 343]], 'PF01979.15': [[7, 306]]}, 'contigs_15_33': {'TIGR02209': [[1, 83]], 'PF04999.8': [[3, 83]]}, 'contigs_1_171': {'TIGR00436': [[23, 294]]}, 'contigs_38_10': {'TIGR03719': [[3, 555]]}, 'contigs_15_25': {'TIGR01087': [[7, 443]]}, 'contigs_21_26': {'TIGR00759': [[5, 883]]}, 'contigs_5_81': {'TIGR01173': [[7, 453]]}, 'contigs_29_18': {'TIGR01364': [[64, 425]]}, 'contigs_30_19': {'TIGR00232': [[3, 658]]}, 'contigs_27_20': {'TIGR01547': [[22, 224]], 'PF04466.8': [[22, 229]]}, 'contigs_6_42': {'TIGR01850': [[5, 347]]}, 'contigs_15_22': {'TIGR01082': [[8, 461]]}, 'contigs_2_86': {'TIGR01394': [[4, 597]]}, 'contigs_13_14': {'TIGR01141': [[9, 356]]}, 'contigs_15_29': {'TIGR01143': [[29, 449]]}, 'contigs_12_8': {'TIGR00928': [[11, 455]], 'PF08328.6': [[331, 446]]}, 'contigs_17_40': {'TIGR00007': [[3, 236]]}, 'contigs_4_10': {'TIGR00962': [[3, 512]]}, 'contigs_31_6': {'TIGR03413': [[3, 249]]}, 'contigs_4_48': {'TIGR01785': [[33, 809]]}, 'contigs_2_97': {'TIGR01081': [[3, 458]]}, 'contigs_68_4': {'TIGR00505': [[8, 195]]}, 'contigs_6_39': {'TIGR02181': [[4, 83]]}, 'contigs_16_7': {'TIGR01181': [[8, 341]]}, 'contigs_2_83': {'TIGR01693': [[32, 851]]}, 'contigs_38_4': {'TIGR00538': [[18, 473]]}, 'contigs_11_33': {'TIGR01940': [[2, 196]]}, 'contigs_6_65': {'TIGR00931': [[14, 458]]}, 'contigs_5_13': {'TIGR00500': [[4, 251]]}, 'contigs_11_32': {'TIGR01941': [[3, 405]]}, 'contigs_4_57': {'TIGR01048': [[2, 402]]}, 'contigs_10_10': {'TIGR00439': [[3, 305]]}, 'contigs_3_27': {'TIGR03464': [[2, 269]]}, 'contigs_12_35': {'TIGR01770': [[9, 470]]}, 'contigs_43_8': {'TIGR01090': [[13, 181]]}, 'contigs_4_81': {'TIGR01313': [[5, 167]]}, 'contigs_11_8': {'TIGR02168': [[2, 1151]]}, 'contigs_17_41': {'TIGR00735': [[3, 254]]}, 'contigs_35_15': {'TIGR01670': [[15, 167]]}, 'contigs_14_12': {'TIGR01890': [[7, 434]]}, 'contigs_24_13': {'TIGR02523': [[13, 170]]}, 'contigs_11_34': {'TIGR01939': [[5, 207]]}, 'contigs_5_30': {'TIGR02199': [[27, 162]]}, 'contigs_19_16': {'TIGR00965': [[3, 273]]}, 'contigs_1_167': {'TIGR01461': [[5, 161]]}, 'contigs_12_25': {'TIGR00185': [[1, 152]]}, 'contigs_10_15': {'TIGR00464': [[3, 463]]}, 'contigs_9_48': {'TIGR00780': [[4, 473]]}, 'contigs_20_33': {'TIGR00484': [[1, 700]]}, 'contigs_17_19': {'TIGR00539': [[18, 382]]}, 'contigs_1_26': {'TIGR02197': [[3, 331]]}, 'contigs_5_10': {'TIGR01320': [[5, 486]]}, 'contigs_3_51': {'TIGR01249': [[6, 305]]}, 'contigs_50_4': {'TIGR00499': [[15, 502]]}, 'contigs_10_22': {'TIGR02193': [[2, 316]]}, 'contigs_38_8': {'TIGR01379': [[2, 317]]}, 'contigs_1_111': {'TIGR00634': [[1, 549]]}, 'contigs_13_23': {'TIGR00658': [[6, 329]]}, 'contigs_18_22': {'TIGR03652': [[7, 154]]}, 'contigs_3_21': {'TIGR02195': [[4, 334]]}, 'contigs_4_87': {'TIGR01656': [[3, 143]], 'PF13242.1': [[99, 172]]}, 'contigs_3_76': {'TIGR01812': [[9, 587]], 'TIGR01816': [[6, 587]]}, 'contigs_17_43': {'TIGR00503': [[4, 527]]}, 'contigs_7_38': {'TIGR01059': [[9, 795]]}, 'contigs_11_27': {'TIGR01172': [[85, 246]], 'PF06426.9': [[13, 117]]}, 'contigs_22_30': {'TIGR01362': [[15, 272]]}, 'contigs_2_119': {'TIGR03420': [[3, 217]]}, 'contigs_2_73': {'TIGR00628': [[2, 211]]}, 'contigs_14_8': {'TIGR01575': [[24, 142]]}, 'contigs_3_79': {'TIGR01798': [[14, 421]]}, 'contigs_1_141': {'TIGR02392': [[15, 281]]}, 'contigs_32_10': {'TIGR01356': [[16, 429]]}, 'contigs_17_32': {'TIGR01099': [[4, 264]]}, 'contigs_4_76': {'TIGR00482': [[6, 199]]}, 'contigs_17_39': {'TIGR01855': [[4, 211]]}, 'contigs_7_2': {'TIGR00422': [[1, 925]], 'PF10458.4': [[880, 944]]}, 'contigs_22_14': {'TIGR00717': [[4, 521]]}, 'contigs_14_49': {'TIGR02203': [[17, 612]]}, 'contigs_9_10': {'TIGR00019': [[1, 355]]}, 'contigs_4_18': {'TIGR00421': [[4, 184]]}, 'contigs_13_30': {'TIGR00639': [[22, 208]]}, 'contigs_3_34': {'TIGR01406': [[4, 232]]}, 'contigs_2_85': {'TIGR00358': [[87, 720]], 'TIGR02063': [[29, 720]], 'PF08206.6': [[96, 154]]}, 'contigs_11_13': {'TIGR00595': [[219, 726]]}, 'contigs_2_79': {'TIGR00510': [[32, 315]]}, 'contigs_2_122': {'TIGR00761': [[31, 268]]}, 'contigs_1_120': {'TIGR00508': [[20, 428]]}, 'contigs_5_84': {'TIGR01254': [[19, 327]], 'PF13343.1': [[70, 292]]}, 'contigs_24_6': {'TIGR03538': [[1, 393]]}, 'contigs_3_81': {'TIGR01347': [[3, 392]]}, 'contigs_35_11': {'TIGR02070': [[8, 227]]}, 'contigs_30_9': {'TIGR04111': [[42, 90]]}, 'contigs_20_19': {'TIGR01079': [[1, 105]]}, 'contigs_18_23': {'TIGR01068': [[11, 107]]}, 'contigs_11_5': {'TIGR00795': [[3, 525]]}, 'contigs_1_76': {'TIGR01091': [[3, 207]]}, 'contigs_3_74': {'TIGR02970': [[6, 122]]}, 'contigs_5_83': {'TIGR01993': [[6, 187]]}, 'contigs_26_29': {'TIGR00338': [[67, 270]]}, 'contigs_24_21': {'TIGR00968': [[3, 242]]}, 'contigs_10_7': {'TIGR01072': [[1, 414]]}, 'contigs_13_8': {'TIGR00560': [[4, 185]]}, 'contigs_4_8': {'TIGR01039': [[3, 464]]}, 'contigs_8_42': {'TIGR01084': [[7, 280]]}, 'contigs_5_27': {'TIGR01745': [[1, 367]]}, 'contigs_4_11': {'PF00213.13': [[7, 174]]}, 'contigs_16_27': {'PF12112.3': [[4, 91]]}, 'contigs_1_95': {'PF01259.13': [[8, 268]]}, 'contigs_11_46': {'PF05201.10': [[6, 152]], 'PF00745.15': [[317, 414]]}, 'contigs_28_7': {'PF01975.12': [[1, 184]]}, 'contigs_20_9': {'PF00416.17': [[3, 108]]}, 'contigs_2_108': {'PF10077.4': [[13, 146]], 'PF12796.2': [[190, 248]]}, 'contigs_21_21': {'PF05981.7': [[24, 152]]}, 'contigs_12_32': {'PF02609.11': [[38, 89]]}, 'contigs_2_2': {'PF05362.8': [[586, 788]], 'PF02190.11': [[14, 202]]}, 'contigs_15_40': {'PF01078.16': [[192, 396]], 'PF13335.1': [[403, 495]]}, 'contigs_34_9': {'PF05491.8': [[265, 339]]}, 'contigs_8_26': {'PF12002.3': [[259, 426]]}, 'contigs_18_29': {'PF06689.8': [[6, 43]]}, 'contigs_39_6': {'PF12169.3': [[232, 362]]}, 'contigs_16_8': {'PF13950.1': [[275, 334]]}, 'contigs_1_96': {'PF04321.12': [[1, 286]]}, 'contigs_12_48': {'PF00346.14': [[193, 418]]}, 'contigs_5_6': {'PF00318.15': [[9, 225]]}, 'contigs_5_80': {'PF03831.9': [[43, 96]], 'PF08274.7': [[2, 31]]}, 'contigs_3_29': {'PF11412.3': [[24, 136]], 'PF02683.10': [[195, 402]]}, 'contigs_6_20': {'PF00263.16': [[563, 723]], 'PF03958.12': [[406, 477]], 'PF07660.9': [[333, 379]]}, 'contigs_14_13': {'PF00326.16': [[467, 670]], 'PF02897.10': [[5, 403]]}, 'contigs_24_23': {'PF07943.8': [[285, 375]]}, 'contigs_36_6': {'PF02787.14': [[420, 542]], 'PF02222.17': [[677, 840]]}, 'contigs_2_153': {'PF02222.17': [[115, 284]]}, 'contigs_15_21': {'PF07478.8': [[105, 298]], 'PF01820.16': [[6, 46]]}, 'contigs_36_3': {'PF02785.14': [[336, 441]]}, 'contigs_6_22': {'PF04350.8': [[50, 199]]}, 'contigs_13_1': {'PF01411.14': [[16, 564]]}, 'contigs_6_12': {'PF01041.12': [[21, 386]]}, 'contigs_5_4': {'PF00889.14': [[57, 264]], 'PF00627.26': [[4, 41]]}, 'contigs_1_27': {'PF00294.19': [[16, 308]]}, 'contigs_37_3': {'PF08543.7': [[15, 262]]}, 'contigs_14_46': {'PF08541.5': [[231, 320]], 'PF08545.5': [[108, 185]]}, 'contigs_1_130': {'PF01409.15': [[92, 328]], 'PF02912.13': [[17, 88]]}, 'contigs_16_35': {'PF14334.1': [[27, 194]]}, 'contigs_9_40': {'PF08361.6': [[87, 202]]}, 'contigs_1_35': {'PF13972.1': [[62, 206]]}, 'contigs_1_102': {'PF01423.17': [[17, 66]]}, 'contigs_14_50': {'PF00958.17': [[434, 520]]}, 'contigs_13_40': {'PF03054.11': [[25, 372]]}, 'contigs_6_54': {'PF06508.8': [[5, 211]]}, 'contigs_3_17': {'PF01546.23': [[94, 403]], 'PF07687.9': [[207, 314]]}, 'contigs_2_89': {'PF13241.1': [[6, 115]]}, 'contigs_25_28': {'PF10108.4': [[48, 263]]}, 'contigs_11_26': {'PF03109.11': [[109, 227]]}, 'contigs_20_22': {'PF00831.18': [[3, 60]]}, 'contigs_44_8': {'PF02347.11': [[21, 437]]}, 'contigs_2_144': {'PF00464.14': [[8, 383]]}, 'contigs_46_8': {'PF12805.2': [[61, 338]], 'PF13515.1': [[398, 520]]}, 'contigs_46_3': {'PF03807.12': [[4, 90]]}, 'contigs_13_22': {'PF07991.7': [[14, 176]], 'PF01450.14': [[182, 326]]}, 'contigs_5_49': {'PF01210.18': [[2, 158]], 'PF07479.9': [[177, 320]]}, 'contigs_15_3': {'PF02153.12': [[21, 278]]}, 'contigs_2_125': {'PF03695.8': [[13, 184]]}, 'contigs_39_11': {'PF00817.15': [[9, 155]], 'PF11799.3': [[233, 348]]}, 'contigs_3_70': {'PF02219.12': [[18, 291]]}, 'contigs_35_10': {'PF08501.6': [[9, 91]]}, 'contigs_39_3': {'PF01596.12': [[23, 221]]}, 'contigs_11_45': {'PF01597.14': [[9, 125]]}, 'contigs_5_76': {'PF03562.12': [[144, 335]], 'PF06725.6': [[359, 430]]}, 'contigs_5_60': {'PF02646.11': [[262, 568]]}, 'contigs_19_8': {'PF03795.9': [[4, 92]]}, 'contigs_13_13': {'PF00475.13': [[137, 281]]}, 'contigs_7_52': {'PF10004.4': [[4, 154]]}, 'contigs_88_1': {'PF10004.4': [[1, 144]]}, 'contigs_3_13': {'PF05258.7': [[14, 79]]}, 'contigs_28_17': {'PF01361.16': [[2, 64]]}, 'contigs_13_51': {'PF00591.16': [[77, 327]], 'PF02885.12': [[5, 67]]}, 'contigs_5_66': {'PF05524.8': [[5, 129]]}, 'contigs_40_13': {'PF01326.14': [[16, 350]]}, 'contigs_14_33': {'PF08299.6': [[427, 494]]}, 'contigs_42_2': {'PF10609.4': [[205, 284]], 'PF13614.1': [[97, 146]]}, 'contigs_14_20': {'PF13185.1': [[46, 154]]}, 'contigs_5_87': {'PF01625.16': [[200, 351]], 'PF01641.13': [[384, 505]]}, 'contigs_1_172': {'PF00035.20': [[162, 228]]}, 'contigs_41_5': {'PF02565.10': [[86, 234]], 'PF11967.3': [[8, 80]]}, 'contigs_4_53': {'PF02664.10': [[3, 159]]}, 'contigs_41_4': {'PF00800.13': [[92, 271]], 'PF01817.16': [[13, 89]]}, 'contigs_19_12': {'PF13432.1': [[201, 257]]}, 'contigs_1_152': {'PF13525.1': [[21, 229]]}, 'contigs_31_5': {'PF01022.15': [[21, 66]]}, 'contigs_24_11': {'PF14341.1': [[17, 67]]}, 'contigs_22_29': {'PF13664.1': [[12, 103]]}, 'contigs_3_45': {'PF00582.21': [[1, 148]]}, 'contigs_7_34': {'PF04060.8': [[11, 38]]}, 'contigs_20_40': {'PF04997.7': [[17, 344]], 'PF04998.12': [[768, 1324]], 'PF00623.15': [[346, 487]], 'PF04983.13': [[491, 646]], 'PF05000.12': [[676, 765]]}, 'contigs_10_20': {'PF01980.11': [[17, 139]]}, 'contigs_20_24': {'PF00189.15': [[120, 202]]}, 'contigs_4_25': {'PF04386.8': [[4, 120]]}, 'contigs_21_17': {'PF00194.16': [[33, 251]]}, 'contigs_27_25': {'PF07102.7': [[3, 93]]}, 'contigs_12_44': {'PF00384.17': [[273, 607]], 'PF13510.1': [[2, 76]], 'PF10588.4': [[83, 123]], 'PF01568.16': [[665, 745]]}, 'contigs_28_2': {'PF02554.9': [[33, 405]], 'PF13722.1': [[461, 591]]}, 'contigs_18_7': {'PF08907.6': [[18, 256]]}, 'contigs_43_9': {'PF00625.16': [[7, 184]]}, 'contigs_20_21': {'PF00366.15': [[12, 79]]}, 'contigs_26_8': {'PF00491.16': [[35, 299]]}, 'contigs_65_2': {'PF02401.13': [[6, 284]]}, 'contigs_41_10': {'PF01170.13': [[165, 369]], 'PF02926.12': [[34, 157]]}, 'contigs_5_56': {'PF01784.13': [[8, 234]]}, 'contigs_5_64': {'PF03610.11': [[3, 111]]}, 'contigs_17_13': {'PF03949.10': [[163, 402]], 'PF00390.14': [[19, 118]]}, 'contigs_2_87': {'PF01256.12': [[42, 272]]}, 'contigs_30_18': {'PF11614.3': [[374, 497]], 'PF13746.1': [[237, 303]]}, 'contigs_22_28': {'PF00113.17': [[140, 423]], 'PF03952.11': [[4, 134]]}, 'contigs_1_94': {'PF03726.9': [[241, 321]], 'PF00013.24': [[556, 612]]}, 'contigs_6_68': {'PF01379.15': [[6, 217]], 'PF03900.10': [[226, 295]]}, 'contigs_29_16': {'PF08529.6': [[4, 130]], 'PF13184.1': [[238, 304]]}, 'contigs_22_20': {'PF06831.9': [[135, 224]], 'PF01149.19': [[2, 119]]}, 'contigs_4_26': {'PF00043.20': [[102, 186]]}, 'contigs_3_12': {'PF07517.9': [[7, 397]], 'PF07516.8': [[619, 833]], 'PF01043.15': [[229, 353]]}, 'contigs_31_15': {'PF13401.1': [[75, 209]]}, 'contigs_2_131': {'PF02537.10': [[8, 112]]}, 'contigs_5_45': {'PF13726.1': [[2, 100]]}, 'contigs_1_34': {'PF02873.11': [[215, 339]]}, 'contigs_5_26': {'PF06821.8': [[21, 169]]}, 'contigs_10_27': {'PF01071.14': [[101, 294]], 'PF02844.10': [[1, 100]], 'PF02843.11': [[329, 420]]}, 'contigs_6_32': {'PF02773.11': [[237, 376]], 'PF02772.11': [[116, 235]], 'PF00438.15': [[3, 101]]}, 'contigs_1_75': {'PF10084.4': [[3, 102]]}, 'contigs_13_9': {'PF08496.5': [[20, 176]]}, 'contigs_1_85': {'PF06421.7': [[487, 593]]}, 'contigs_17_50': {'PF03618.9': [[7, 264]]}, 'contigs_39_5': {'PF08676.6': [[466, 614]], 'PF01119.14': [[208, 325]]}, 'contigs_7_18': {'PF04632.7': [[24, 355]]}, 'contigs_17_18': {'PF01653.13': [[5, 327]], 'PF03120.11': [[330, 408]], 'PF12826.2': [[582, 645]], 'PF00533.21': [[752, 821]], 'PF03119.11': [[448, 475]]}, 'contigs_3_16': {'PF10786.4': [[1, 204]]}, 'contigs_9_42': {'PF03806.8': [[11, 519]]}, 'contigs_4_12': {'PF00430.13': [[6, 136]]}, 'contigs_4_52': {'PF00476.15': [[547, 929]], 'PF02739.11': [[6, 167]], 'PF01612.15': [[332, 517]], 'PF01367.15': [[170, 256]]}, 'contigs_9_5': {'PF04352.8': [[39, 122]]}, 'contigs_61_2': {'PF03331.8': [[1, 280]]}, 'contigs_37_2': {'PF03848.9': [[88, 279]], 'PF09313.6': [[12, 86]]}, 'contigs_15_32': {'PF03717.10': [[71, 220]]}, 'contigs_47_1': {'PF05433.10': [[38, 77]]}, 'contigs_3_62': {'PF09285.6': [[130, 185]], 'PF08207.7': [[3, 60]], 'PF01132.15': [[67, 122]]}, 'contigs_1_62': {'PF13481.1': [[67, 220]]}, 'contigs_39_8': {'PF00154.16': [[7, 325]]}, 'contigs_22_12': {'PF13411.1': [[3, 68]]}, 'contigs_1_43': {'PF00490.16': [[9, 331]]}, 'contigs_14_48': {'PF00698.16': [[5, 278]]}, 'contigs_1_100': {'PF00578.16': [[4, 123]]}, 'contigs_13_18': {'PF02630.9': [[53, 196]]}, 'contigs_6_14': {'PF01943.12': [[10, 276]]}, 'contigs_20_46': {'PF03946.9': [[8, 67]], 'PF00298.14': [[72, 140]]}, 'contigs_40_12': {'PF07497.7': [[50, 125]], 'PF07498.7': [[5, 47]]}, 'contigs_5_47': {'PF05237.8': [[174, 254]]}, 'contigs_7_23': {'PF01134.17': [[11, 401]], 'PF13932.1': [[550, 621]]}, 'contigs_4_77': {'PF00484.14': [[34, 178]]}, 'contigs_19_39': {'PF03653.8': [[2, 142]]}, 'contigs_27_23': {'PF13392.1': [[69, 111]], 'PF00847.15': [[121, 166]]}, 'contigs_2_84': {'PF00478.20': [[6, 474]]}, 'contigs_1_147': {'PF06144.8': [[18, 187]]}, 'contigs_13_11': {'PF13463.1': [[28, 93]]}, 'contigs_3_10': {'PF04546.8': [[156, 372]], 'PF03979.9': [[20, 100]], 'PF04539.11': [[482, 558]]}, 'contigs_9_4': {'PF01264.16': [[10, 346]]}, 'contigs_16_9': {'PF09371.5': [[7, 196]]}, 'contigs_14_22': {'PF03840.9': [[6, 79]]}, 'contigs_3_68': {'PF00444.13': [[1, 40]]}, 'contigs_29_7': {'PF00842.16': [[229, 345]]}, 'contigs_34_19': {'PF13604.1': [[125, 291]], 'PF13538.1': [[438, 548]]}, 'contigs_55_4': {'PF02978.14': [[329, 428]]}, 'contigs_3_32': {'PF03597.10': [[2, 46]]}, 'contigs_20_4': {'PF03775.11': [[128, 233]], 'PF05209.8': [[5, 107]]}, 'contigs_12_11': {'PF00639.16': [[197, 287]]}, 'contigs_1_84': {'PF01048.15': [[6, 231]]}, 'contigs_10_4': {'PF04413.11': [[31, 209]]}, 'contigs_26_13': {'PF04301.8': [[1, 212]]}, 'contigs_13_39': {'PF04314.8': [[24, 133]]}, 'contigs_22_7': {'PF00334.14': [[4, 138]]}, 'contigs_1_173': {'PF09951.4': [[15, 103]]}, 'contigs_17_38': {'PF01515.14': [[177, 492]]}, 'contigs_25_3': {'PF11969.3': [[3, 104]]}, 'contigs_7_9': {'PF03938.9': [[14, 164]]}, 'contigs_29_15': {'PF11987.3': [[727, 834]], 'PF04760.10': [[366, 416]]}, 'contigs_13_27': {'PF00883.16': [[161, 462]], 'PF02789.12': [[50, 126]]}, 'contigs_16_19': {'PF00224.16': [[13, 356]], 'PF02887.11': [[375, 488]]}, 'contigs_10_8': {'PF00162.14': [[6, 379]]}, 'contigs_4_72': {'PF01027.15': [[17, 220]]}, 'contigs_3_37': {'PF06026.9': [[50, 215]]}, 'contigs_7_28': {'PF02684.10': [[9, 356]]}, 'contigs_1_41': {'PF02649.9': [[5, 252]]}, 'contigs_16_3': {'PF01556.13': [[265, 343]], 'PF00684.14': [[147, 206]]}, 'contigs_50_2': {'PF01321.13': [[8, 131]]}, 'contigs_4_49': {'PF10396.4': [[7, 120]], 'PF12631.2': [[377, 445]]}, 'contigs_5_20': {'PF01018.17': [[3, 158]]}, 'contigs_8_11': {'PF13167.1': [[40, 129]]}, 'contigs_42_9': {'PF06071.8': [[279, 362]]}, 'contigs_29_14': {'PF11981.3': [[163, 439]]}, 'contigs_12_31': {'PF03193.11': [[149, 299]]}, 'contigs_16_33': {'PF02911.13': [[205, 300]]}, 'contigs_1_3': {'PF09976.4': [[43, 188]]}, 'contigs_4_56': {'PF13627.1': [[7, 27]]}, 'contigs_2_5': {'PF00742.14': [[136, 314]], 'PF03447.11': [[10, 128]]}, 'contigs_37_15': {'PF10981.3': [[13, 63]]}, 'contigs_38_3': {'PF01384.15': [[58, 513]]}, 'contigs_1_119': {'PF13500.1': [[5, 187]]}, 'contigs_22_15': {'PF02224.13': [[72, 212]]}, 'contigs_12_28': {'PF01330.16': [[1, 62]], 'PF07499.8': [[150, 192]]}, 'contigs_1_122': {'PF04186.8': [[7, 111]]}, 'contigs_1_117': {'PF01040.13': [[31, 263]]}, 'contigs_9_50': {'PF05299.7': [[260, 377]]}, 'contigs_49_2': {'PF00158.21': [[332, 411]]}, 'contigs_5_9': {'PF13302.1': [[16, 148]]}, 'contigs_19_23': {'PF04284.8': [[8, 144]]}, 'contigs_21_18': {'PF12344.3': [[557, 600]]}, 'contigs_4_83': {'PF13489.1': [[50, 206]]}, 'contigs_1_108': {'PF01209.13': [[17, 244]]}, 'contigs_3_65': {'PF07021.7': [[4, 192]]}, 'contigs_36_2': {'PF06325.8': [[3, 294]]}, 'contigs_7_20': {'PF02527.10': [[25, 202]]}, 'contigs_20_51': {'PF03602.10': [[13, 182]]}, 'contigs_14_19': {'PF01135.14': [[20, 195]]}, 'contigs_9_56': {'PF04399.8': [[81, 212]]}, 'contigs_21_9': {'PF01250.12': [[2, 91]]}, 'contigs_1_135': {'PF01702.13': [[126, 363]]}, 'contigs_34_3': {'PF07730.8': [[385, 451]], 'PF13675.1': [[37, 100]]}, 'contigs_5_53': {'PF00380.14': [[10, 130]]}, 'contigs_34_8': {'PF00834.14': [[5, 208]]}, 'contigs_4_35': {'PF04333.8': [[26, 220]]}, 'contigs_32_23': {'PF00301.15': [[3, 49]]}, 'contigs_31_3': {'PF13507.1': [[1064, 1315]]}, 'contigs_9_46': {'PF05545.6': [[6, 45]]}, 'contigs_23_2': {'PF04264.8': [[20, 183]]}, 'contigs_3_61': {'PF10093.4': [[13, 380]]}, 'contigs_2_157': {'PF01713.16': [[116, 194]]}, 'contigs_7_12': {'PF02670.11': [[23, 151]], 'PF13288.1': [[285, 403]], 'PF08436.7': [[165, 253]]}, 'contigs_6_28': {'PF05140.9': [[22, 655]]}, 'contigs_6_62': {'PF00633.18': [[110, 138]], 'PF10576.4': [[198, 214]]}, 'contigs_5_29': {'PF02882.14': [[124, 280]], 'PF00763.18': [[4, 121]]}, 'contigs_25_15': {'PF01782.13': [[10, 91]], 'PF05239.11': [[97, 164]]}, 'contigs_14_41': {'PF01783.18': [[2, 55]]}, 'contigs_3_58': {'PF04994.8': [[7, 76]]}, 'contigs_1_157': {'PF00398.15': [[4, 255]]}, 'contigs_15_19': {'PF14450.1': [[204, 374]], 'PF02491.15': [[82, 161]]}, 'contigs_21_1': {'PF13491.1': [[61, 235]]}, 'contigs_29_5': {'PF13740.1': [[5, 79]]}, 'contigs_3_77': {'PF13085.1': [[6, 108]], 'PF13534.1': [[145, 218]]}, 'contigs_4_61': {'PF00118.19': [[23, 524]]}, 'contigs_6_15': {'PF01872.12': [[150, 359]]}, 'contigs_10_31': {'PF08281.7': [[129, 180]]}, 'contigs_28_1': {'PF04328.8': [[1, 64]]}, 'contigs_18_17': {'PF01243.15': [[32, 116]], 'PF10590.4': [[170, 210]]}, 'contigs_10_49': {'PF00994.19': [[6, 165]]}, 'contigs_2_114': {'PF03783.9': [[37, 221]]}, 'contigs_19_18': {'PF00482.18': [[75, 198]]}, 'contigs_2_133': {'PF02152.13': [[4, 113]]}, 'contigs_20_47': {'PF02357.14': [[3, 101]]}, 'contigs_2_126': {'PF00682.14': [[95, 333]], 'PF08502.5': [[452, 582]]}, 'contigs_22_3': {'PF00574.18': [[17, 198]]}, 'contigs_10_24': {'PF00766.14': [[188, 273]]}, 'contigs_14_34': {'PF00468.12': [[1, 44]]}, 'contigs_15_20': {'PF03799.10': [[109, 221]], 'PF08478.5': [[37, 106]]}, 'contigs_25_6': {'PF00902.13': [[14, 225]]}, 'contigs_15_27': {'PF00953.16': [[98, 284]]}, 'contigs_12_5': {'PF13307.1': [[585, 739]], 'PF06733.10': [[244, 304]]}, 'contigs_20_45': {'PF00687.16': [[31, 220]]}, 'contigs_28_23': {'PF02541.11': [[23, 302]]}, 'contigs_15_18': {'PF00091.20': [[17, 186]], 'PF12327.3': [[225, 322]]}, 'contigs_3_22': {'PF01668.13': [[2, 67]]}, 'contigs_45_3': {'PF03781.11': [[20, 249]]}, 'contigs_13_10': {'PF13748.1': [[5, 237]]}, 'contigs_35_9': {'PF00120.19': [[106, 382]], 'PF03951.14': [[15, 98]]}, 'contigs_20_18': {'PF00673.16': [[84, 178]], 'PF00281.14': [[24, 80]]}, 'contigs_25_9': {'PF11846.3': [[388, 571]], 'PF04932.10': [[211, 367]]}, 'contigs_24_10': {'PF11530.3': [[36, 162]]}, 'contigs_6_57': {'PF06993.7': [[9, 120]]}, 'contigs_20_7': {'PF03118.10': [[246, 307]], 'PF01000.21': [[64, 154]], 'PF01193.19': [[29, 227]]}, 'contigs_18_20': {'PF02601.10': [[127, 438]], 'PF13742.1': [[10, 103]]}, 'contigs_21_3': {'PF13827.1': [[23, 143]]}, 'contigs_24_25': {'PF13793.1': [[7, 124]]}, 'contigs_11_56': {'PF05187.8': [[401, 509]]}, 'contigs_18_43': {'PF07743.8': [[90, 163]]}, 'contigs_12_6': {'PF04391.7': [[24, 203]]}, 'contigs_6_33': {'PF02113.10': [[53, 499]]}, 'contigs_1_33': {'PF01554.13': [[253, 414]]}, 'contigs_30_17': {'PF05751.6': [[12, 159]]}, 'contigs_13_20': {'PF10369.4': [[83, 157]], 'PF13710.1': [[11, 73]]}, 'contigs_7_13': {'PF01148.15': [[3, 263]]}, 'contigs_15_35': {'PF02381.13': [[1, 64]]}, 'contigs_2_123': {'PF00246.19': [[125, 355]]}, 'contigs_20_25': {'PF00237.14': [[5, 108]]}, 'contigs_24_26': {'PF00288.21': [[91, 148]], 'PF08544.8': [[209, 266]]}, 'contigs_41_13': {'PF01520.13': [[192, 405]]}, 'contigs_31_18': {'PF11898.3': [[571, 1061]], 'PF07717.11': [[184, 287]], 'PF04408.18': [[28, 102]]}, 'contigs_31_11': {'PF03788.9': [[13, 106]]}, 'contigs_20_27': {'PF03947.13': [[124, 252]], 'PF00181.18': [[42, 117]]}, 'contigs_20_15': {'PF00347.18': [[90, 164]]}, 'contigs_10_18': {'PF00488.16': [[561, 791]], 'PF05192.13': [[267, 553]], 'PF01624.15': [[8, 118]], 'PF05190.13': [[422, 512]], 'PF05188.12': [[127, 250]]}, 'contigs_16_39': {'PF04361.8': [[1, 142]]}, 'contigs_31_7': {'PF03448.12': [[68, 169]], 'PF01769.11': [[355, 479]]}, 'contigs_6_23': {'PF05137.8': [[104, 177]]}, 'contigs_26_28': {'PF01262.16': [[146, 311]], 'PF05222.10': [[4, 136]], 'PF12769.2': [[427, 511]]}, 'contigs_6_52': {'PF03631.10': [[28, 274]]}, 'contigs_40_7': {'PF08402.5': [[288, 367]]}, 'contigs_35_12': {'PF12399.3': [[218, 239]]}, 'contigs_2_103': {'PF03255.9': [[5, 148]]}, 'contigs_25_27': {'PF11940.3': [[452, 824]], 'PF01433.15': [[111, 380]]}, 'contigs_12_15': {'PF03023.9': [[28, 470]]}, 'contigs_1_46': {'PF01434.13': [[390, 598]], 'PF06480.10': [[8, 102]]}, 'contigs_12_34': {'PF10993.3': [[3, 94]]}, 'contigs_17_9': {'PF03966.11': [[3, 41]]}, 'contigs_6_61': {'PF13365.1': [[126, 260]]}, 'contigs_21_19': {'PF03572.13': [[203, 386]]}, 'contigs_12_49': {'PF00329.14': [[41, 153]]}, 'contigs_47_3': {'PF12840.2': [[9, 65]]}, 'contigs_11_42': {'PF13412.1': [[6, 53]]}, 'contigs_7_50': {'PF00550.20': [[6, 73]]}, 'contigs_26_26': {'PF02233.11': [[5, 459]]}, 'contigs_9_38': {'PF00873.14': [[1, 1037]]}, 'contigs_7_51': {'PF01180.16': [[45, 333]]}, 'contigs_26_5': {'PF02938.9': [[315, 410]]}, 'contigs_6_6': {'PF07733.7': [[296, 728]]}, 'contigs_9_8': {'PF02403.17': [[1, 109]]}, 'contigs_28_16': {'PF10670.4': [[18, 243]]}, 'contigs_3_84': {'PF08442.5': [[2, 203]]}, 'contigs_1_30': {'PF01435.13': [[66, 274]]}, 'contigs_3_41': {'PF00750.14': [[100, 445]], 'PF03485.11': [[3, 86]]}, 'contigs_11_55': {'PF05573.7': [[12, 161]]}, 'contigs_17_35': {'PF01547.20': [[28, 277]]}, 'contigs_18_12': {'PF02686.10': [[19, 90]]}, 'contigs_21_22': {'PF02622.10': [[11, 169]]}, 'contigs_1_112': {'PF04079.11': [[10, 168]]}, 'contigs_7_8': {'PF04613.9': [[23, 92]]}, 'contigs_21_29': {'PF06097.6': [[1, 497]]}, 'contigs_1_29': {'PF00406.17': [[5, 184]], 'PF05191.9': [[123, 158]]}, 'contigs_31_12': {'PF04172.11': [[15, 227]]}, 'contigs_7_37': {'PF03313.10': [[203, 468]], 'PF03315.10': [[26, 174]]}, 'contigs_2_152': {'PF09015.5': [[12, 286]]}, 'contigs_1_65': {'PF09565.5': [[22, 318]]}, 'contigs_38_2': {'PF03702.9': [[4, 365]]}, 'contigs_14_40': {'PF02620.12': [[61, 164]]}, 'contigs_8_9': {'PF02677.9': [[26, 205]]}, 'contigs_14_47': {'PF06961.8': [[34, 88]]}, 'contigs_22_25': {'PF00268.16': [[208, 338]]}, 'contigs_7_5': {'PF13720.1': [[176, 258]]}, 'contigs_5_58': {'PF13631.1': [[107, 279]], 'PF00032.12': [[293, 398]]}, 'contigs_27_4': {'PF07922.6': [[74, 342]]}, 'contigs_12_39': {'PF00662.15': [[67, 126]]}, 'contigs_15_36': {'PF02636.12': [[70, 308]]}, 'contigs_22_23': {'PF02867.10': [[224, 733]], 'PF00317.16': [[144, 221]]}, 'contigs_9_32': {'PF00303.14': [[2, 264]]}, 'contigs_2_75': {'PF01145.20': [[21, 190]]}, 'contigs_19_15': {'PF13561.1': [[13, 253]]}, 'contigs_3_20': {'PF01035.15': [[162, 244]], 'PF02870.10': [[80, 158]]}, 'contigs_5_85': {'PF05552.7': [[26, 65]]}, 'contigs_19_25': {'PF00829.16': [[1, 96]]}, 'contigs_4_55': {'PF01491.11': [[2, 104]]}, 'contigs_18_32': {'PF01509.13': [[32, 179]], 'PF09157.6': [[241, 288]]}, 'contigs_7_41': {'PF03150.9': [[87, 240]]}, 'contigs_24_30': {'PF02548.10': [[2, 258]]}, 'contigs_5_75': {'PF13522.1': [[62, 194]]}, 'contigs_6_55': {'PF07566.7': [[16, 66]]}, 'contigs_24_27': {'PF03550.9': [[33, 175]]}, 'contigs_4_24': {'PF09424.5': [[4, 146]]}, 'contigs_9_47': {'PF02433.10': [[6, 182]]}, 'contigs_11_54': {'PF12679.2': [[5, 274]]}, 'contigs_16_32': {'PF01327.16': [[4, 151]]}, 'contigs_4_36': {'PF13466.1': [[10, 86]]}, 'contigs_7_43': {'PF00199.14': [[12, 395]], 'PF06628.7': [[417, 482]]}, 'contigs_9_9': {'PF00389.25': [[3, 328]]}, 'contigs_19_28': {'PF00471.15': [[2, 49]]}, 'contigs_14_54': {'PF04452.9': [[17, 234]]}, 'contigs_1_144': {'PF03755.8': [[8, 159]], 'PF08340.6': [[209, 294]]}, 'contigs_1_47': {'PF03364.15': [[16, 136]]}, 'contigs_5_17': {'PF02021.12': [[11, 101]]}, 'contigs_21_15': {'PF02390.12': [[49, 236]]}, 'contigs_18_24': {'PF10672.4': [[105, 292]]}, 'contigs_21_7': {'PF01084.15': [[17, 69]]}, 'contigs_20_6': {'PF01196.14': [[20, 116]]}, 'contigs_4_23': {'PF01165.15': [[4, 58]]}, 'contigs_3_11': {'PF08275.6': [[127, 247]], 'PF01807.15': [[3, 95]], 'PF08278.6': [[457, 585]], 'PF10410.4': [[365, 423]]}, 'contigs_21_12': {'PF08459.6': [[399, 561]]}, 'contigs_2_134': {'PF02660.10': [[9, 189]]}, 'contigs_12_12': {'PF04453.9': [[329, 708]]}, 'contigs_39_9': {'PF01487.10': [[20, 246]]}, 'contigs_41_7': {'PF01648.15': [[4, 120]]}, 'contigs_12_50': {'PF01058.17': [[37, 146]]}, 'contigs_20_28': {'PF00276.15': [[7, 96]]}, 'contigs_27_24': {'PF05772.7': [[33, 126]]}, 'contigs_6_18': {'PF01761.15': [[67, 324]]}, 'contigs_24_32': {'PF12695.2': [[42, 191]]}, 'contigs_17_10': {'PF09832.4': [[95, 148]]}, 'contigs_8_7': {'PF08886.6': [[18, 446]]}, 'contigs_12_46': {'PF01512.12': [[52, 223]], 'PF10589.4': [[333, 378]], 'PF10531.4': [[247, 295]]}, 'contigs_12_18': {'PF00218.16': [[5, 258]]}, 'contigs_1_36': {'PF13460.1': [[11, 181]]}, 'contigs_13_29': {'PF01346.13': [[36, 155]]}, 'contigs_23_28': {'PF04311.8': [[115, 311]]}, 'contigs_20_26': {'PF00203.16': [[3, 83]]}, 'contigs_1_14': {'PF01368.15': [[69, 232]]}, 'contigs_1_165': {'PF02674.11': [[8, 148]]}, 'contigs_4_62': {'PF00166.16': [[2, 94]]}, 'contigs_22_32': {'PF09406.5': [[14, 100]]}, 'contigs_23_16': {'PF02492.14': [[9, 185]], 'PF07683.9': [[222, 307]]}, 'contigs_14_43': {'PF02504.10': [[3, 318]]}, 'contigs_22_4': {'PF04551.9': [[9, 398]]}, 'contigs_18_13': {'PF01425.16': [[22, 463]]}, 'contigs_9_43': {'PF04257.9': [[1, 780]]}, 'contigs_29_6': {'PF05167.7': [[13, 436]]}, 'contigs_13_15': {'PF00815.15': [[22, 429]]}, 'contigs_40_6': {'PF00312.17': [[7, 88]]}, 'contigs_5_78': {'PF09375.5': [[149, 381]], 'PF13473.1': [[33, 128]]}, 'contigs_18_40': {'PF01592.11': [[2, 126]]}, 'contigs_22_27': {'PF04977.10': [[12, 89]]}, 'contigs_15_42': {'PF00474.12': [[32, 439]]}, 'contigs_3_80': {'PF00676.15': [[209, 516]]}, 'contigs_6_17': {'PF13230.1': [[1, 268]]}, 'contigs_1_133': {'PF00707.17': [[46, 133]], 'PF05198.11': [[1, 41]]}, 'contigs_38_5': {'PF13545.1': [[162, 235]], 'PF00027.24': [[44, 129]]}, 'contigs_12_9': {'PF03641.9': [[72, 201]]}, 'contigs_47_4': {'PF01729.14': [[119, 290]], 'PF02749.11': [[29, 117]]}, 'contigs_25_2': {'PF01503.12': [[8, 92]]}, 'contigs_12_40': {'PF00420.19': [[7, 100]]}, 'contigs_1_79': {'PF03891.10': [[22, 71]]}, 'contigs_19_22': {'PF05157.10': [[38, 138]]}, 'contigs_18_44': {'PF03989.8': [[703, 787]]}, 'contigs_2_124': {'PF01790.13': [[7, 276]]}, 'contigs_9_44': {'PF13703.1': [[137, 219]], 'PF13172.1': [[20, 47]]}, 'contigs_5_62': {'PF01068.16': [[39, 193]]}, 'contigs_11_10': {'PF12700.2': [[37, 370]]}, 'contigs_18_15': {'PF02934.10': [[4, 289]], 'PF02637.13': [[328, 475]]}, 'contigs_10_14': {'PF02698.12': [[52, 183]]}, 'contigs_11_29': {'PF04400.8': [[22, 62]]}, 'contigs_5_51': {'PF05164.8': [[5, 72]]}, 'contigs_6_7': {'PF13275.1': [[7, 69]]}, 'contigs_4_75': {'PF02410.10': [[15, 109]]}, 'contigs_10_3': {'PF00393.14': [[179, 469]]}, 'contigs_15_24': {'PF01098.14': [[34, 423]]}, 'contigs_14_3': {'PF13292.1': [[7, 288]]}, 'contigs_7_32': {'PF03588.9': [[35, 211]]}, 'contigs_9_51': {'PF04273.8': [[4, 110]]}, 'contigs_2_77': {'PF04359.9': [[8, 91]]}, 'contigs_14_16': {'PF07883.6': [[41, 99]]}, 'contigs_24_22': {'PF00585.13': [[421, 507]]}, 'contigs_10_39': {'PF00854.16': [[91, 433]]}, 'contigs_34_6': {'PF05673.8': [[32, 280]]}, 'contigs_1_97': {'PF05768.9': [[2, 76]]}, 'contigs_20_17': {'PF00253.16': [[49, 100]]}, 'contigs_2_139': {'PF04325.8': [[19, 68]]}, 'contigs_1_114': {'PF03668.10': [[1, 277]]}, 'contigs_45_4': {'PF07732.10': [[87, 198]]}, 'contigs_44_2': {'PF04403.8': [[266, 420]]}, 'contigs_4_6': {'PF02091.10': [[4, 295]]}, 'contigs_23_18': {'PF01451.16': [[40, 179]]}, 'contigs_13_37': {'PF02955.11': [[127, 300]], 'PF02951.9': [[1, 123]]}, 'contigs_23_31': {'PF02028.12': [[17, 501]]}, 'contigs_43_6': {'PF01136.14': [[76, 354]]}, 'contigs_54_1': {'PF06574.7': [[12, 167]], 'PF01687.12': [[184, 304]]}, 'contigs_21_6': {'PF03948.9': [[63, 147]], 'PF01281.14': [[1, 48]]}, 'contigs_22_37': {'PF10136.4': [[22, 655]]}, 'contigs_9_54': {'PF03544.9': [[211, 282]]}, 'contigs_14_28': {'PF13603.1': [[223, 417]]}, 'contigs_14_32': {'PF00712.14': [[4, 119]], 'PF02767.11': [[131, 244]], 'PF02768.10': [[246, 366]]}, 'contigs_5_59': {'PF02167.10': [[35, 261]]}, 'contigs_20_20': {'PF00238.14': [[1, 122]]}, 'contigs_15_34': {'PF01795.14': [[8, 311]]}, 'contigs_14_2': {'PF00919.15': [[3, 104]], 'PF01938.15': [[378, 440]]}, 'contigs_3_36': {'PF02542.11': [[4, 159]]}, 'contigs_1_19': {'PF02617.12': [[18, 96]]}, 'contigs_20_48': {'PF00584.15': [[32, 83]]}, 'contigs_22_35': {'PF00441.19': [[234, 371]]}, 'contigs_29_9': {'PF02600.11': [[5, 158]]}, 'contigs_5_8': {'PF01812.15': [[6, 183]]}, 'contigs_8_49': {'PF01418.12': [[1, 72]]}, 'contigs_3_78': {'PF03937.11': [[9, 80]]}, 'contigs_17_15': {'PF02618.11': [[36, 327]]}, 'contigs_4_74': {'PF02590.12': [[1, 154]]}, 'contigs_1_44': {'PF01985.16': [[6, 89]]}, 'contigs_32_3': {'PF01850.16': [[2, 124]]}, 'contigs_5_16': {'PF13580.1': [[18, 147]]}, 'contigs_1_125': {'PF03483.12': [[214, 386]], 'PF03147.9': [[694, 786]], 'PF03484.10': [[403, 470]]}, 'contigs_1_11': {'PF02562.11': [[109, 312]]}, 'contigs_1_174': {'PF00885.14': [[11, 147]]}, 'contigs_10_42': {'PF00375.13': [[16, 397]]}, 'contigs_10_48': {'PF00764.14': [[19, 396]]}, 'contigs_1_38': {'PF01513.16': [[7, 273]]}, 'contigs_25_19': {'PF00950.12': [[14, 272]]}, 'contigs_22_8': {'PF03969.11': [[18, 371]]}, 'contigs_1_49': {'PF01195.14': [[7, 187]]}, 'contigs_11_37': {'PF05896.6': [[1, 257]], 'PF11973.3': [[262, 311]]}, 'contigs_1_118': {'PF04345.8': [[58, 152]]}, 'contigs_17_11': {'PF02606.9': [[22, 336]]}, 'contigs_13_38': {'PF01219.14': [[23, 125]]}, 'contigs_17_8': {'PF02348.14': [[5, 221]]}, 'contigs_3_35': {'PF01128.14': [[6, 223]]}, 'contigs_80_1': {'PF14085.1': [[2, 106]]}, 'contigs_32_17': {'PF12447.3': [[7, 120]], 'PF11880.3': [[1233, 1277]]}, 'contigs_20_2': {'PF03776.9': [[14, 83]]}, 'contigs_13_42': {'PF06418.9': [[2, 275]]}, 'contigs_7_29': {'PF05173.9': [[129, 264]], 'PF01113.15': [[5, 126]]}, 'contigs_28_11': {'PF02631.11': [[30, 143]]}, 'contigs_20_29': {'PF00573.17': [[17, 203]]}, 'contigs_43_10': {'PF01192.17': [[7, 59]]}, 'contigs_1_5': {'PF04381.7': [[1, 298]]}, 'contigs_17_48': {'PF04305.9': [[15, 259]]}, 'contigs_4_80': {'PF02447.11': [[2, 297]]}, 'contigs_19_4': {'PF02580.11': [[2, 149]]}, 'contigs_1_93': {'PF13386.1': [[10, 211]]}, 'contigs_9_15': {'PF00809.17': [[23, 232]]}, 'contigs_20_43': {'PF00542.14': [[56, 123]]}, 'contigs_29_8': {'PF13404.1': [[4, 45]]}, 'contigs_24_2': {'PF10979.3': [[4, 42]]}, 'contigs_5_57': {'PF00355.21': [[109, 180]], 'PF10399.4': [[3, 40]]}, 'contigs_12_51': {'PF00507.14': [[20, 117]]}, 'contigs_5_23': {'PF01406.14': [[16, 329]], 'PF09190.6': [[359, 414]]}, 'contigs_39_4': {'PF11943.3': [[2, 61]]}, 'contigs_5_46': {'PF04102.7': [[7, 74]]}, 'contigs_7_14': {'PF01255.14': [[21, 236]]}, 'contigs_44_4': {'PF03886.8': [[44, 171]]}, 'contigs_9_3': {'PF05958.6': [[3, 360]]}, 'contigs_17_23': {'PF02386.11': [[153, 483]]}, 'contigs_20_8': {'PF00163.14': [[2, 95]]}, 'contigs_11_36': {'PF03116.10': [[40, 404]]}, 'contigs_40_11': {'PF00909.16': [[35, 432]]}, 'contigs_8_62': {'PF04965.9': [[10, 100]]}, 'contigs_13_32': {'PF02566.14': [[49, 144]]}, 'contigs_36_11': {'PF00988.17': [[4, 132]]}, 'contigs_3_57': {'PF04306.8': [[20, 157]]}, 'contigs_38_9': {'PF04608.8': [[18, 158]]}, 'contigs_1_28': {'PF00215.19': [[16, 236]]}, 'contigs_11_43': {'PF08669.6': [[266, 354]]}, 'contigs_1_45': {'PF01728.14': [[29, 205]]}, 'contigs_7_15': {'PF01765.14': [[20, 183]]}, 'contigs_13_48': {'PF02666.10': [[43, 209]]}, 'contigs_1_81': {'PF07238.9': [[18, 91]]}, 'contigs_4_19': {'PF03180.9': [[46, 280]]}, 'contigs_13_36': {'PF03950.13': [[354, 549]]}, 'contigs_18_11': {'PF01914.12': [[6, 212]]}, 'contigs_21_23': {'PF03652.10': [[8, 139]]}, 'contigs_9_17': {'PF05170.9': [[8, 611]]}, 'contigs_1_74': {'PF03811.8': [[47, 74]]}, 'contigs_3_59': {'PF01715.12': [[39, 286]]}, 'contigs_26_27': {'PF01124.13': [[4, 126]]}, 'contigs_6_34': {'PF03358.10': [[4, 153]]}, 'contigs_5_36': {'PF02581.12': [[18, 186]]}, 'contigs_8_47': {'PF01182.15': [[14, 205]]}, 'contigs_24_29': {'PF02569.10': [[1, 274]]}, 'contigs_20_30': {'PF00297.17': [[9, 207]]}, 'contigs_16_29': {'PF01948.13': [[4, 98]], 'PF02748.10': [[100, 150]]}, 'contigs_34_15': {'PF02132.10': [[41, 80]]}, 'contigs_45_6': {'PF02016.10': [[63, 346]]}, 'contigs_9_37': {'PF02321.13': [[276, 456]]}, 'contigs_11_6': {'PF12850.2': [[6, 215]]}, 'contigs_9_52': {'PF02472.11': [[13, 141]]}, 'contigs_9_18': {'PF01977.11': [[10, 439]]}, 'contigs_6_40': {'PF02556.9': [[4, 142]]}, 'contigs_1_139': {'PF05661.7': [[1, 198]]}, 'contigs_20_44': {'PF00466.15': [[6, 100]]}, 'contigs_9_12': {'PF00710.15': [[4, 314]]}, 'contigs_13_28': {'PF04364.8': [[1, 138]]}, 'contigs_8_46': {'PF02781.11': [[187, 479]], 'PF00479.17': [[10, 185]]}, 'contigs_1_69': {'PF04375.9': [[26, 370]]}, 'contigs_8_12': {'PF12156.3': [[4, 89]]}, 'contigs_3_53': {'PF00701.17': [[2, 288]]}, 'contigs_14_37': {'PF02096.15': [[352, 533]]}, 'contigs_2_116': {'PF05643.6': [[1, 215]]}, 'contigs_1_105': {'PF04247.7': [[3, 121]]}, 'contigs_44_5': {'PF03352.8': [[17, 122]]}, 'contigs_24_5': {'PF03883.9': [[1, 245]]}, 'contigs_8_1': {'PF00180.15': [[4, 352]]}, 'contigs_4_84': {'PF03222.8': [[4, 398]]}, 'contigs_8_48': {'PF02685.11': [[14, 322]]}, 'contigs_20_16': {'PF00410.14': [[5, 129]]}, 'contigs_8_10': {'PF00188.21': [[46, 176]]}, 'contigs_17_16': {'PF01510.20': [[33, 171]]}, 'contigs_1_6': {'PF02493.15': [[57, 73]]}, 'contigs_8_44': {'PF01081.14': [[8, 201]]}, 'contigs_13_19': {'PF02776.13': [[4, 167]], 'PF02775.16': [[393, 541]], 'PF00205.17': [[194, 329]]}, 'contigs_11_4': {'PF10276.4': [[18, 56]]}, 'contigs_1_116': {'PF00359.17': [[8, 148]]}, 'contigs_1_136': {'PF00762.14': [[17, 331]]}, 'contigs_20_13': {'PF00327.15': [[6, 56]]}, 'contigs_17_42': {'PF01502.13': [[31, 106]]}, 'contigs_10_33': {'PF05114.8': [[1, 275]]}, 'contigs_57_4': {'PF11236.3': [[8, 126]]}, 'contigs_4_54': {'PF10008.4': [[23, 112]]}, 'contigs_42_5': {'PF01613.13': [[16, 165]]}, 'contigs_20_10': {'PF01176.14': [[6, 70]]}, 'contigs_12_47': {'PF01257.14': [[13, 156]]}, 'contigs_6_24': {'PF11104.3': [[31, 370]]}, 'contigs_25_14': {'PF00886.14': [[8, 68]]}, 'contigs_10_21': {'PF00857.15': [[5, 201]]}, 'contigs_1_148': {'PF04390.7': [[7, 154]]}, 'contigs_1_48': {'PF03658.9': [[2, 85]]}, 'contigs_15_23': {'PF04101.11': [[184, 332]], 'PF03033.15': [[6, 143]]}, 'contigs_31_2': {'PF00543.17': [[4, 105]]}, 'contigs_45_7': {'PF01230.18': [[15, 101]]}, 'contigs_5_35': {'PF02597.15': [[4, 64]]}, 'contigs_3_28': {'PF08897.6': [[6, 138]]}, 'contigs_32_19': {'PF09330.6': [[272, 561]]}, 'contigs_7_25': {'PF04166.7': [[28, 323]]}, 'contigs_1_8': {'PF04402.9': [[28, 233]]}, 'contigs_16_14': {'PF07007.7': [[277, 332]]}, 'contigs_32_22': {'PF02771.11': [[4, 108]]}, 'contigs_29_17': {'PF02576.12': [[6, 137]]}, 'contigs_1_149': {'PF02578.10': [[32, 254]]}, 'contigs_3_85': {'PF02629.14': [[6, 99]]}, 'contigs_1_68': {'PF07219.8': [[26, 135]]}, 'contigs_41_15': {'PF01177.17': [[10, 219]]}, 'contigs_12_43': {'PF00146.16': [[28, 346]]}, 'contigs_6_21': {'PF04351.8': [[22, 163]]}, 'contigs_3_71': {'PF01717.13': [[428, 750]], 'PF08267.7': [[5, 309]]}, 'contigs_20_34': {'PF00177.16': [[1, 149]]}, 'contigs_25_16': {'PF01746.16': [[23, 221]]}, 'contigs_1_51': {'PF04892.7': [[37, 115]]}, 'contigs_13_21': {'PF03992.11': [[5, 78]]}, 'contigs_14_35': {'PF00825.13': [[2, 99]]}, 'contigs_36_5': {'PF02547.10': [[3, 338]]}, 'contigs_2_96': {'PF06968.8': [[236, 327]]}, 'contigs_29_12': {'PF03006.15': [[4, 200]]}, 'contigs_19_19': {'PF06750.8': [[17, 125]], 'PF01478.13': [[134, 242]]}, 'contigs_13_17': {'PF01634.13': [[54, 212]]}, 'contigs_16_13': {'PF03616.9': [[5, 371]]}, 'contigs_17_17': {'PF04354.8': [[281, 403]]}, 'contigs_4_5': {'PF02092.12': [[6, 550]]}, 'contigs_4_15': {'PF03899.10': [[3, 99]]}, 'contigs_26_6': {'PF13670.1': [[5, 90]]}, 'contigs_12_27': {'PF03413.14': [[47, 104]]}, 'contigs_40_3': {'PF02699.10': [[5, 86]]}, 'contigs_34_2': {'PF00196.14': [[151, 207]]}, 'contigs_37_1': {'PF00075.19': [[34, 170]]}, 'contigs_26_2': {'PF01649.13': [[2, 84]]}, 'contigs_10_36': {'PF01734.17': [[45, 202]]}, 'contigs_26_31': {'PF01808.13': [[136, 458]]}, 'contigs_6_44': {'PF08007.7': [[11, 298]]}, 'contigs_8_33': {'PF00926.14': [[89, 282]]}, 'contigs_4_7': {'PF02823.11': [[4, 84]], 'PF00401.15': [[89, 132]]}, 'contigs_4_39': {'PF02405.11': [[42, 255]]}, 'contigs_41_6': {'PF03740.8': [[1, 236]]}, 'contigs_26_3': {'PF02253.10': [[109, 374]]}, 'contigs_11_40': {'PF04304.8': [[46, 116]]}, 'contigs_3_43': {'PF02616.9': [[54, 264]]}, 'contigs_2_138': {'PF00316.15': [[66, 386]]}, 'contigs_34_5': {'PF00677.12': [[32, 117]]}, 'contigs_2_76': {'PF01594.11': [[18, 342]]}, 'contigs_7_7': {'PF07977.8': [[16, 140]]}, 'contigs_5_34': {'PF05690.9': [[30, 276]]}, 'contigs_4_9': {'PF00231.14': [[5, 291]]}, 'contigs_41_14': {'PF02367.12': [[17, 133]]}, 'contigs_16_4': {'PF03169.10': [[14, 623]]}, 'contigs_35_14': {'PF06835.8': [[13, 186]]}, 'contigs_5_38': {'PF02133.10': [[16, 344]]}, 'contigs_35_23': {'PF11112.3': [[7, 80]]}, 'contigs_26_23': {'PF03259.12': [[15, 95]]}, 'contigs_1_168': {'PF00697.17': [[7, 200]]}, 'contigs_17_47': {'PF03548.10': [[38, 197]]}, 'contigs_2_6': {'PF04430.9': [[16, 121]]}, 'contigs_25_17': {'PF01245.15': [[1, 115]]}, 'contigs_1_31': {'PF00709.16': [[5, 425]]}, 'contigs_5_52': {'PF00572.13': [[15, 141]]}, 'contigs_3_38': {'PF00565.12': [[88, 189]]}, 'contigs_20_14': {'PF03719.10': [[87, 160]], 'PF00333.15': [[13, 77]]}, 'contigs_22_36': {'PF13406.1': [[63, 355]]}, 'contigs_18_14': {'PF04393.8': [[22, 289]]}, 'contigs_7_31': {'PF01475.14': [[13, 132]]}, 'contigs_2_112': {'PF01593.19': [[19, 429]]}, 'contigs_35_13': {'PF03968.9': [[32, 142]]}, 'contigs_1_115': {'PF07475.7': [[133, 303]], 'PF02603.11': [[3, 131]]}, 'contigs_21_24': {'PF01557.13': [[15, 211]]}, 'contigs_15_41': {'PF04380.8': [[2, 76]]}, 'contigs_5_86': {'PF02464.12': [[5, 150]]}, 'contigs_24_17': {'PF04140.9': [[78, 166]]}, 'contigs_19_9': {'PF04279.10': [[1, 175]]}, 'contigs_12_4': {'PF03441.9': [[206, 419]], 'PF00875.13': [[18, 170]]}, 'contigs_20_31': {'PF00338.17': [[6, 102]]}, 'contigs_4_73': {'PF04362.9': [[1, 88]]}, 'contigs_22_2': {'PF05697.8': [[1, 146]], 'PF05698.9': [[264, 416]]}, 'contigs_14_21': {'PF00121.13': [[11, 251]]}, 'contigs_19_13': {'PF06305.6': [[23, 82]]}, 'contigs_4_14': {'PF00119.15': [[40, 282]]}, 'contigs_14_5': {'PF01116.15': [[3, 329]]}, 'contigs_7_22': {'PF01351.13': [[6, 184]]}, 'contigs_17_31': {'PF01725.11': [[8, 196]]}, 'contigs_7_40': {'PF01432.15': [[223, 673]]}, 'contigs_1_106': {'PF01288.15': [[8, 134]]}, 'contigs_13_24': {'PF06434.8': [[168, 380]], 'PF11791.3': [[4, 156]]}, 'contigs_43_12': {'PF04127.10': [[182, 364]]}, 'contigs_20_35': {'PF00164.20': [[2, 123]]}, 'contigs_67_1': {'PF01416.15': [[149, 250]]}, 'contigs_10_40': {'PF04357.8': [[1039, 1371]]}, 'contigs_24_24': {'PF01386.14': [[5, 92]]}, 'contigs_19_33': {'PF02592.10': [[43, 186]]}, 'contigs_1_67': {'PF01208.12': [[5, 346]]}, 'contigs_65_3': {'PF01252.13': [[14, 159]]}, 'contigs_27_13': {'PF13252.1': [[55, 422]]}, 'contigs_2_150': {'PF04715.8': [[27, 172]]}, 'contigs_35_17': {'PF00923.14': [[14, 348]]}, 'contigs_1_132': {'PF01632.14': [[2, 62]]}, 'contigs_6_67': {'PF02130.12': [[36, 159]]}, 'contigs_13_34': {'PF03956.8': [[110, 297]]}, 'contigs_26_4': {'PF04367.8': [[69, 178]]}, 'contigs_26_10': {'PF03734.9': [[33, 162]]}, 'contigs_11_28': {'PF01025.14': [[33, 189]]}, 'contigs_47_6': {'PF02445.11': [[46, 353]]}, 'contigs_20_11': {'PF00344.15': [[11, 346]]}, 'contigs_19_26': {'PF01016.14': [[2, 82]]}, 'contigs_18_30': {'PF02033.13': [[10, 112]]}, 'contigs_29_4': {'PF07661.8': [[154, 174]]}, 'contigs_49_4': {'PF00300.17': [[3, 188]]}, 'contigs_31_13': {'PF01960.13': [[22, 406]]}, 'contigs_22_31': {'PF02261.11': [[1, 115]]}, 'contigs_19_41': {'PF00186.14': [[3, 160]]}, 'contigs_17_3': {'PF08750.6': [[38, 189]]}, 'contigs_19_20': {'PF01121.15': [[4, 182]]}, 'contigs_16_38': {'PF02481.10': [[79, 282]]}, 'contigs_5_65': {'PF00381.14': [[1, 83]]}, 'contigs_17_29': {'PF00719.14': [[19, 175]]}, 'contigs_3_14': {'PF00127.15': [[58, 181]]}, 'contigs_39_2': {'PF13174.1': [[193, 224]]}, 'contigs_12_26': {'PF03330.13': [[48, 138]]}, 'contigs_39_1': {'PF00731.15': [[3, 153]]}, 'contigs_2_105': {'PF04384.8': [[1, 65]]}, 'contigs_44_1': {'PF01126.15': [[10, 190]]}, 'contigs_14_36': {'PF01809.13': [[6, 72]]}, 'contigs_49_1': {'PF04445.8': [[16, 244]]}, 'contigs_3_42': {'PF04095.11': [[171, 397]]}, 'contigs_1_109': {'PF06155.7': [[7, 91]]}, 'contigs_41_16': {'PF13784.1': [[27, 109]]}, 'contigs_5_15': {'PF04972.12': [[60, 122]]}, 'contigs_17_5': {'PF00290.15': [[14, 255]]}, 'contigs_4_37': {'PF05494.7': [[31, 193]]}, 'contigs_10_32': {'PF09836.4': [[8, 92]]}, 'contigs_1_70': {'PF02602.10': [[22, 233]]}, 'contigs_31_8': {'PF01430.14': [[10, 278]]}, 'contigs_42_8': {'PF01268.14': [[4, 558]]}, 'contigs_18_35': {'PF01070.13': [[18, 381]]}, 'contigs_1_61': {'PF03625.9': [[66, 127]]}, 'contigs_30_6': {'PF04245.8': [[5, 340]]}, 'contigs_4_13': {'PF00137.16': [[5, 71]]}, 'contigs_15_37': {'PF02673.13': [[8, 261]]}, 'contigs_2_74': {'PF01957.13': [[3, 133]]}, 'contigs_1_91': {'PF01678.14': [[159, 274]]}, 'contigs_1_131': {'PF00453.13': [[3, 109]]}, 'contigs_17_22': {'PF00149.23': [[5, 71]]}, 'contigs_31_4': {'PF00724.15': [[2, 333]]}, 'contigs_23_27': {'PF03062.14': [[104, 386]]}, 'contigs_25_21': {'PF13557.1': [[82, 275]]}, 'contigs_2_135': {'PF04378.8': [[55, 294]]}, 'contigs_29_10': {'PF01709.15': [[5, 237]]}, 'contigs_6_59': {'PF00933.16': [[21, 293]]}, 'contigs_11_41': {'PF07209.7': [[10, 182]]}, 'contigs_27_3': {'PF01322.15': [[33, 149]]}, 'contigs_12_41': {'PF00499.15': [[19, 165]]}, 'contigs_6_58': {'PF13394.1': [[34, 121]]}, 'contigs_8_8': {'PF04002.10': [[103, 224]]}, 'contigs_39_7': {'PF02575.11': [[11, 102]]}, 'contigs_19_29': {'PF00830.14': [[3, 63]]}, 'contigs_9_53': {'PF01618.11': [[72, 208]]}, 'contigs_25_30': {'PF02075.12': [[7, 154]]}, 'contigs_6_56': {'PF01242.14': [[2, 139]]}}
